68 91 85 87 47 6 61 20 33 60 11 
100 3 16 81 75 13 35 33 4 53 
59 54 56 89 68 23 4 85 43 31 
31 52 47 14 64 55 82 2 10 45 
61 70 61 22 4 76 90 98 36 1 
27 96 95 16 45 64 6 60 35 14 
35 30 64 71 62 95 14 3 59 2 
1 57 1 22 56 98 45 39 78 35 
51 12 29 82 6 46 13 80 39 24 
50 79 62 39 13 39 45 8 29 99 
40 92 71 30 75 87 64 36 68 66 
5 59 91 12 6 70 90 61 92 49 
34 95 78 15 5 25 79 73 20 81 
97 4 41 5 89 19 21 85 55 23 
35 81 19 88 45 87 78 93 1 37 
71 71 21 5 49 82 71 97 74 82 
3 46 34 2 6 40 29 75 21 77 
64 63 8 15 79 41 5 52 13 34 
22 37 29 70 78 35 65 97 4 2 
5 92 97 95 52 79 36 94 99 2 
9 57 47 97 31 25 46 29 31 87 
63 89 61 98 15 41 46 19 16 23 
13 81 4 64 87 57 15 45 86 79 
6 7 69 91 92 93 38 46 11 14 
31 36 84 23 99 35 77 86 84 51 
64 92 44 98 20 50 53 15 79 8 
24 54 23 84 35 30 95 25 79 56 
51 26 24 39 9 51 78 6 46 3 
90 86 7 21 87 37 53 45 51 4 
65 79 54 40 78 75 61 30 4 19 
73 48 49 74 83 69 4 10 5 84 
3 94 70 56 15 70 66 69 2 79 
53 50 47 58 69 1 29 85 20 95 
27 47 25 57 86 98 36 44 90 59 
5 4 15 37 29 30 50 94 51 75 
19 27 38 25 6 34 96 56 43 31 
16 78 44 20 78 41 94 70 55 22 
91 34 36 52 2 53 43 78 58 81 
88 6 62 4 19 59 42 2 32 66 
78 23 9 49 52 98 16 21 88 86 
23 58 88 8 29 33 66 82 71 90 
86 87 24 51 56 19 68 70 76 23 
23 83 38 46 22 86 5 98 75 68 
92 2 13 24 15 64 24 43 4 48 
86 92 33 65 88 66 63 5 96 80 
82 75 79 42 36 64 8 20 84 43 
24 64 71 18 5 76 1 39 25 57 
35 43 49 26 21 75 59 39 43 96 
69 71 61 21 39 16 64 80 79 43 
69 94 77 42 81 10 19 11 15 4 
21 76 20 35 53 15 49 87 9 1 
44 81 65 22 94 55 16 97 29 72 
31 3 85 2 25 9 33 97 87 19 
35 87 55 27 22 59 17 3 5 96 
82 85 12 36 1 69 63 49 37 44 
91 71 100 84 54 51 77 51 91 9 
20 94 38 25 68 55 78 81 32 75 
92 99 67 14 50 93 85 20 90 11 
78 82 83 28 17 18 13 62 95 69 
60 52 95 19 25 98 6 32 63 87 
21 37 44 38 90 1 40 40 48 36 
65 78 39 39 9 25 75 22 59 50 
86 38 24 7 76 78 82 4 71 21 
51 91 5 67 32 13 2 26 94 1 
40 3 42 58 44 82 92 56 2 67 
86 36 66 11 66 95 87 31 55 77 
95 75 78 91 24 36 4 58 4 8 
5 51 23 39 3 30 14 76 49 74 
18 49 3 55 56 84 87 54 88 10 
6 25 44 6 5 20 1 8 48 92 
90 92 4 68 98 79 62 22 92 53 
95 8 6 4 11 35 90 64 22 49 
6 56 69 3 48 18 24 50 45 75 
68 20 47 90 12 2 80 47 29 14 
99 16 11 12 95 36 44 61 55 52 
84 40 54 31 3 43 2 46 14 13 
77 65 8 28 71 1 13 47 87 15 
54 67 90 26 8 27 29 33 24 60 
36 56 64 26 64 21 91 46 74 66 
55 33 23 23 40 8 78 10 14 17 
1 44 100 5 85 38 67 8 36 8 
29 25 55 51 23 65 59 81 83 19 
45 12 76 10 79 27 84 35 45 73 
80 93 79 52 34 99 24 41 79 5 
76 4 85 7 63 50 60 88 77 27 
30 42 22 46 13 16 11 79 92 33 
39 57 6 63 37 29 50 49 15 47 
61 21 4 68 3 95 24 65 96 70 
12 36 24 92 53 13 5 7 21 22 
84 83 73 67 100 23 86 22 99 59 
71 24 57 64 13 26 50 19 94 99 
79 41 17 58 20 13 31 24 57 86 
22 36 89 68 61 71 80 41 4 11 
33 63 99 87 82 97 75 46 76 42 
2 21 4 79 60 87 72 7 14 40 
24 23 14 5 65 68 41 64 11 69 
77 72 11 98 60 29 4 49 70 90 
96 69 27 63 91 73 76 97 95 41 
48 37 71 100 64 82 9 88 45 19 
4 71 10 13 99 78 36 13 96 49 
30 3 57 90 18 8 5 52 11 54 
29 52 89 94 21 46 10 1 77 31 
91 100 72 46 91 11 4 6 89 52 
98 23 86 58 1 53 17 93 14 34 
91 61 58 74 75 48 39 89 90 44 
98 22 85 98 38 32 75 8 70 51 
99 46 37 88 11 58 55 65 26 21 
81 100 57 42 66 59 60 6 36 34 
65 14 98 96 66 74 96 87 31 18 
93 4 92 59 22 88 13 15 15 26 
25 66 26 81 84 98 85 81 47 62 
9 11 15 63 58 70 78 83 82 97 
87 44 37 41 34 10 20 67 95 1 
77 85 20 42 43 19 74 19 91 27 
25 90 34 68 63 7 11 11 2 7 
49 36 11 50 2 47 24 52 35 69 
3 32 49 29 69 37 49 45 65 43 
12 18 4 90 97 71 47 62 87 83 
25 12 88 37 87 48 12 50 22 4 
5 46 67 9 54 3 71 24 31 31 
78 57 44 28 66 96 1 35 45 77 
63 11 55 66 68 60 62 31 99 100 
85 31 95 37 88 86 74 57 42 67 
34 100 89 93 63 21 7 45 84 92 
17 55 28 54 57 90 17 29 1 33 
55 7 56 81 32 56 18 89 28 70 
83 90 97 82 1 31 77 35 81 20 
18 13 53 55 20 96 77 56 26 16 
60 36 92 7 3 53 1 33 80 9 
100 4 5 92 17 3 40 83 74 45 
18 87 85 32 51 71 49 18 13 72 
79 93 15 35 95 47 75 36 65 42 
47 50 38 43 4 38 25 24 68 90 
82 76 13 3 18 71 49 26 42 60 
5 69 26 79 10 10 2 95 74 38 
86 17 88 68 23 3 16 19 83 33 
18 90 85 74 51 36 27 11 13 9 
10 24 55 32 72 64 64 25 34 24 
7 6 100 3 36 35 85 25 94 68 
43 74 85 21 44 43 10 1 84 28 
27 30 59 36 61 4 99 2 94 64 
27 69 19 17 84 56 34 4 49 49 
1 77 86 19 87 30 41 93 28 47 
92 6 49 19 7 12 54 14 83 67 
40 84 90 3 91 43 33 8 77 65 
95 9 82 22 11 80 62 57 45 87 
33 13 84 33 53 18 92 63 83 30 
11 5 78 28 41 37 100 79 8 7 
100 84 67 20 59 90 55 41 39 90 
5 18 51 44 71 61 16 41 89 49 
83 96 16 53 7 95 85 3 94 78 
93 57 64 44 13 31 90 22 70 49 
22 58 91 28 92 80 94 2 58 35 
90 7 30 87 45 60 92 23 31 90 
47 68 43 78 21 5 34 16 6 97 
79 34 22 55 44 1 79 29 76 48 
95 73 10 44 84 39 63 8 29 76 
57 21 1 80 86 25 98 32 88 91 
72 36 91 39 89 91 45 96 28 82 
62 10 98 85 19 93 98 82 82 14 
62 36 68 88 55 67 32 36 96 35 
80 10 62 51 33 79 85 5 64 73 
84 76 75 2 53 57 64 49 34 98 
56 53 18 64 21 36 5 37 50 9 
12 72 39 40 66 5 5 19 27 1 
71 1 18 70 96 18 30 55 93 52 
3 100 48 87 55 17 34 77 44 21 
2 38 23 77 27 62 12 23 52 63 
11 19 16 83 54 25 29 71 61 41 
82 3 38 35 16 39 79 14 1 70 
87 92 84 25 96 36 66 62 6 17 
38 28 52 99 93 3 37 73 17 82 
84 46 19 85 9 36 36 36 99 75 
1 43 62 42 87 75 70 96 58 40 
18 62 18 8 3 2 57 66 62 9 
100 61 5 90 32 63 15 7 17 16 
82 8 33 12 65 54 64 48 92 30 
92 98 99 67 97 59 53 66 75 68 
41 26 3 1 74 17 17 84 56 75 
71 65 42 61 39 2 29 65 62 20 
91 12 5 67 62 80 23 95 43 17 
85 51 50 52 66 62 64 16 34 61 
16 13 33 48 97 82 62 53 57 46 
6 27 51 68 4 48 5 61 38 51 
68 18 93 97 46 38 32 11 46 58 
31 64 44 57 99 66 100 80 25 44 
25 15 52 45 75 88 8 59 26 44 
65 27 90 25 73 10 28 33 94 22 
95 70 96 24 95 86 59 29 75 57 
62 43 54 9 54 2 49 46 59 68 
48 36 34 94 39 31 96 65 44 93 
55 54 62 42 29 66 94 25 38 6 
54 47 68 79 90 99 35 97 83 1 
27 2 68 75 45 78 81 2 30 30 
26 17 39 2 52 93 2 44 95 42 
86 97 56 49 75 35 4 63 69 92 
70 93 58 1 29 2 3 93 60 28 
55 26 3 50 48 44 65 32 39 62 
8 8 87 41 98 35 42 11 53 46 
28 45 69 19 63 18 19 25 48 24 
34 47 54 8 78 80 51 22 76 85 
21 31 85 24 56 28 40 14 43 80 
19 35 93 33 98 69 82 92 86 91 
71 51 53 85 33 21 7 18 15 9 
43 58 70 79 56 62 6 41 78 48 
53 73 49 68 68 25 99 81 54 7 
31 37 40 23 42 29 27 32 87 17 
29 86 52 25 63 51 39 33 53 43 
15 35 72 95 19 2 8 59 25 46 
25 60 5 59 56 10 45 99 32 13 
85 33 24 47 32 40 25 86 5 66 
95 4 20 90 28 9 69 80 66 8 
48 4 26 94 12 12 47 68 98 24 
44 97 81 5 10 53 71 26 78 8 
38 8 83 22 94 52 53 83 36 92 
33 88 20 79 65 22 49 13 12 51 
20 2 27 23 67 98 79 76 36 3 
47 90 83 41 47 22 30 76 59 86 
19 87 17 87 80 95 98 51 42 42 
16 98 48 23 13 24 76 68 4 47 
56 76 77 68 71 70 39 64 71 11 
82 18 11 44 52 48 1 52 29 38 
85 50 50 21 22 66 86 31 3 50 
29 68 59 15 66 96 90 22 64 81 
99 62 26 61 30 76 87 97 35 71 
22 62 30 34 19 11 62 59 34 44 
37 73 9 50 61 58 52 44 21 75 
74 50 96 78 67 97 30 47 85 37 
94 91 25 27 55 49 86 5 72 86 
81 96 32 13 64 80 62 36 49 28 
30 42 72 70 84 90 13 10 86 28 
83 43 82 51 14 14 6 44 48 68 
3 79 20 46 62 25 11 20 9 33 
35 3 83 91 62 28 43 61 28 51 
11 68 48 8 74 73 89 78 62 87 
4 14 8 67 33 75 78 86 6 12 
8 21 92 69 48 49 13 36 39 41 
57 76 28 91 70 97 75 13 54 4 
12 14 27 24 67 56 81 34 84 35 
80 33 77 72 38 91 27 25 65 29 
10 94 14 18 89 64 93 20 41 21 
89 31 23 8 68 54 28 80 100 67 
49 93 78 11 40 46 87 100 34 98 
1 9 17 6 24 64 2 56 26 78 
79 87 6 95 55 22 52 48 38 26 
38 43 28 84 95 70 99 64 77 45 
48 21 70 50 16 38 35 79 44 43 
44 47 3 77 5 77 28 59 71 78 
39 66 44 73 49 76 59 2 72 97 
83 69 46 98 19 70 75 7 60 70 
74 17 20 55 15 1 46 96 31 8 
16 48 97 28 36 30 29 20 64 19 
32 37 97 100 91 16 17 39 73 44 
13 61 16 40 62 98 12 34 50 60 
74 41 11 77 88 29 95 93 15 73 
99 21 71 56 94 59 27 81 3 18 
99 49 24 53 62 59 53 36 98 60 
91 42 4 97 21 47 98 27 18 18 
63 2 79 52 93 26 24 33 86 10 
74 43 69 22 79 41 41 8 58 96 
24 83 74 58 46 10 70 60 93 4 
95 66 89 40 26 67 81 75 74 71 
5 70 29 6 95 23 59 81 40 56 
48 40 4 44 60 11 6 41 89 90 
67 11 16 1 98 63 96 48 73 72 
56 84 46 99 33 75 97 33 45 82 
7 23 31 86 24 9 67 41 15 65 
19 75 78 36 87 65 89 7 50 65 
83 83 42 28 44 29 62 82 30 70 
19 88 19 28 32 71 1 76 80 16 
29 24 39 52 34 99 14 16 98 83 
83 43 27 70 96 36 80 14 19 94 
75 80 87 10 55 48 55 88 91 80 
80 41 61 70 10 53 89 60 75 30 
62 67 48 87 31 36 49 79 8 4 
8 45 96 14 52 92 91 11 95 19 
73 89 25 4 66 81 83 14 69 12 
48 34 51 81 73 87 5 89 7 46 
3 88 98 41 1 28 89 58 11 60 
53 17 4 47 13 96 84 59 23 19 
19 65 4 48 11 11 81 48 10 98 
73 24 93 45 5 72 29 98 48 17 
88 96 84 50 84 79 94 69 19 21 
65 44 39 5 94 41 94 62 16 2 
54 49 95 13 86 68 68 36 37 21 
43 97 69 38 37 18 97 75 54 64 
60 46 18 97 77 55 84 28 94 97 
60 93 25 16 6 98 67 65 95 98 
5 99 12 49 90 64 60 25 27 37 
63 24 14 27 45 46 60 19 13 62 
61 73 34 28 90 62 16 86 47 51 
95 98 53 18 30 89 92 20 24 66 
25 20 87 73 25 92 63 98 41 14 
40 89 67 46 36 21 43 79 70 70 
23 55 32 8 25 93 29 34 70 14 
49 83 60 24 57 52 93 52 7 23 
88 30 39 20 90 35 86 3 22 83 
32 93 5 33 73 68 76 52 36 39 
68 15 48 22 88 65 68 48 95 96 
62 11 69 61 77 57 96 1 99 5 
12 10 42 100 91 60 43 50 83 75 
53 40 14 59 28 77 85 91 22 86 
42 43 64 51 43 69 10 28 4 32 
92 28 36 76 64 34 13 1 37 2 
10 26 59 82 41 34 50 62 42 39 
2 73 95 47 8 59 8 96 46 89 
42 95 88 29 64 66 43 19 77 63 
44 95 41 14 62 52 8 39 62 82 
53 71 8 46 68 14 98 11 78 69 
37 81 27 99 84 34 62 2 5 36 
33 20 51 67 67 45 10 7 95 22 
67 45 88 77 43 19 91 20 36 11 
86 12 83 48 2 24 55 36 23 90 
19 52 92 42 39 84 58 1 15 2 
19 85 46 100 20 76 33 43 96 90 
39 47 67 94 52 12 43 97 50 59 
26 45 6 15 94 57 44 7 8 5 
29 17 50 22 90 76 92 56 49 11 
89 68 89 15 55 25 44 80 50 99 
13 47 29 36 36 26 64 26 61 13 
90 69 80 81 59 14 31 48 78 58 
39 82 72 14 78 59 16 55 99 69 
52 25 63 96 86 73 10 60 41 77 
18 24 39 85 20 82 75 80 79 59 
32 88 99 85 56 39 21 86 95 59 
37 41 12 1 72 81 66 53 61 26 
1 78 36 45 9 74 21 2 100 13 
95 49 91 88 21 2 85 56 15 42 
60 81 66 96 34 21 41 96 21 57 
19 71 13 100 67 60 42 10 95 19 
13 29 10 17 70 24 37 88 40 85 
71 69 86 5 18 84 35 93 62 39 
67 40 86 16 71 80 6 77 11 31 
50 85 54 55 25 25 91 94 11 4 
52 5 10 69 7 99 97 24 94 46 
10 92 27 90 96 12 25 69 53 48 
47 28 78 23 15 77 99 79 72 81 
3 49 57 21 35 100 45 28 47 61 
35 4 93 65 62 87 47 79 39 85 
21 24 16 29 84 1 13 20 26 72 
94 5 89 4 3 92 99 31 65 82 
44 85 42 11 88 23 40 91 9 26 
75 89 10 35 72 46 78 76 47 7 
30 77 25 59 53 64 43 95 30 82 
11 47 69 96 40 30 47 43 13 71 
12 60 27 32 83 67 4 35 77 67 
9 28 80 32 73 73 91 45 44 66 
19 9 46 10 72 33 68 42 73 31 
61 45 63 26 34 64 37 2 28 69 
65 91 36 47 55 2 57 49 75 32 
71 76 34 36 7 75 86 88 14 22 
75 36 35 19 77 23 73 18 3 6 
40 95 3 79 31 82 76 91 43 94 
86 28 82 91 48 87 34 78 56 77 
51 64 96 17 100 76 8 15 91 57 
22 96 91 28 65 59 58 95 91 30 
97 84 66 74 67 100 29 49 71 72 
72 38 74 73 9 64 52 20 27 31 
68 90 93 84 78 46 57 76 98 82 
91 69 15 39 16 45 41 90 60 48 
58 95 35 24 47 16 41 64 19 27 
10 10 20 61 73 50 29 88 69 13 
17 61 9 51 67 55 84 89 9 35 
57 46 70 53 2 65 38 87 77 12 
48 29 13 81 36 98 81 66 68 55 
66 98 61 97 52 55 7 17 47 31 
69 76 33 13 72 21 31 40 32 91 
21 54 60 43 23 47 38 32 6 80 
87 93 1 96 50 61 84 19 60 51 
63 2 67 40 48 63 4 23 16 50 
72 75 47 32 47 40 82 44 49 47 
23 92 33 60 20 35 6 91 35 13 
66 79 38 75 43 64 93 57 26 27 
19 70 66 32 70 32 9 84 41 9 
62 29 9 66 99 15 97 6 79 96 
82 66 61 44 62 41 75 24 45 91 
17 61 58 36 54 14 24 80 46 15 
84 29 83 92 68 69 45 9 50 89 
12 28 3 87 8 94 4 100 81 31 
31 81 63 10 27 21 9 56 45 93 
53 81 43 77 27 76 7 43 59 5 
49 36 94 22 26 14 5 97 69 53 
100 70 8 39 10 20 16 45 58 11 
50 87 47 90 74 8 58 7 70 58 
96 12 41 60 99 75 91 52 66 94 
23 99 85 49 71 1 51 37 80 62 
2 3 51 66 64 78 17 74 76 31 
31 3 33 31 17 97 33 87 92 12 
63 91 36 79 34 59 17 39 77 100 
94 3 83 84 91 82 40 30 40 48 
66 4 31 2 74 75 27 46 4 29 
52 24 50 58 27 84 73 29 33 37 
70 81 24 77 67 5 7 82 82 57 
87 33 7 68 80 60 23 6 42 79 
38 38 81 91 81 46 39 70 89 43 
96 82 100 68 65 82 13 6 62 28 
56 55 38 10 36 29 6 11 24 38 
86 81 93 41 27 93 30 47 14 54 
95 68 54 83 68 86 97 85 66 57 
1 79 28 100 58 30 79 19 64 67 
4 38 26 47 4 87 67 13 98 69 
46 48 18 25 50 9 54 93 75 51 
81 68 79 18 7 64 97 5 90 4 
55 34 44 94 60 69 80 24 16 12 
64 60 85 14 50 74 36 30 17 83 
77 35 70 3 29 99 52 7 12 24 
41 34 78 19 48 91 79 36 71 36 
47 95 91 65 10 2 83 6 49 63 
34 63 74 90 41 80 70 4 33 98 
15 27 82 49 70 70 76 83 19 7 
3 58 72 52 54 82 21 68 62 86 
93 44 50 69 74 83 91 89 27 10 
40 20 39 56 59 55 74 42 3 4 
80 63 91 67 78 100 86 49 46 63 
98 2 3 13 26 81 89 18 58 70 
91 93 62 37 46 21 31 5 19 53 
75 49 58 27 76 54 90 59 51 81 
44 67 31 73 15 26 85 68 15 72 
77 17 87 41 66 61 53 22 14 34 
64 65 86 41 33 55 41 48 79 73 
69 82 53 81 78 12 19 75 62 8 
84 36 21 15 74 66 30 24 33 98 
25 72 86 99 17 55 93 4 78 49 
38 98 35 20 24 24 89 38 4 8 
92 71 44 83 76 79 9 20 84 94 
96 97 75 100 25 43 83 28 10 78 
79 44 62 58 26 64 37 76 98 4 
45 12 72 36 55 20 41 7 60 2 
65 8 52 36 44 58 88 65 54 13 
28 75 37 42 63 72 6 36 16 38 
17 30 99 89 46 15 97 79 100 40 
98 82 61 36 83 26 49 93 55 45 
72 11 91 41 67 95 59 70 79 86 
29 86 76 20 9 29 9 8 66 45 
38 6 67 11 32 28 74 52 80 98 
43 59 94 80 67 12 45 67 52 98 
24 73 84 34 73 25 92 66 54 19 
70 57 61 88 80 40 25 31 78 81 
87 48 68 11 96 42 72 59 7 61 
58 74 43 61 45 49 3 70 31 50 
74 65 22 60 80 87 17 86 45 85 
98 37 86 72 69 85 29 60 23 26 
18 93 6 56 78 86 16 64 47 18 
40 82 50 24 16 37 72 38 85 10 
92 50 17 29 67 26 31 56 6 59 
26 74 49 17 27 33 98 88 33 17 
52 71 95 90 17 38 21 24 83 27 
61 70 90 59 73 12 20 6 69 34 
35 21 42 14 37 83 30 21 6 52 
80 15 6 30 85 90 42 6 45 6 
44 75 40 11 87 42 100 54 60 3 
64 5 24 31 95 43 36 23 71 72 
64 65 54 71 29 74 77 54 44 24 
65 10 75 1 83 73 2 89 4 76 
24 6 3 90 41 26 46 28 16 15 
92 6 38 94 57 92 74 73 52 18 
24 36 91 81 64 19 13 20 32 39 
52 2 55 86 19 34 97 73 77 33 
92 53 16 95 5 77 2 15 64 68 
2 33 34 99 28 26 24 70 59 63 
17 28 12 35 37 92 55 47 86 76 
73 7 45 61 61 19 93 22 73 51 
99 70 2 13 57 79 41 70 30 45 
44 36 57 100 35 35 86 20 56 58 
34 71 83 93 50 29 56 21 73 31 
63 40 31 32 92 28 23 74 44 27 
79 94 81 70 83 100 7 34 99 97 
81 3 69 62 53 20 19 3 72 11 
39 81 58 99 65 14 86 40 50 79 
23 20 41 26 9 68 52 42 83 45 
82 84 27 58 97 18 61 63 8 79 
61 31 81 77 11 27 20 67 89 31 
51 22 4 74 70 36 89 40 24 68 
79 12 2 93 93 42 92 37 69 70 
97 54 21 31 16 14 3 17 36 8 
35 34 74 67 65 99 62 74 24 72 
63 1 31 42 84 80 100 53 3 9 
19 26 31 100 45 25 87 8 40 20 
78 73 96 5 14 78 8 19 71 9 
19 65 33 73 83 51 98 48 32 50 
70 93 5 66 77 25 56 90 32 87 
44 16 29 90 95 32 60 36 3 17 
35 64 94 59 65 36 91 79 59 81 
8 40 45 53 77 95 88 40 43 46 
81 59 81 90 97 2 13 3 92 79 
48 33 33 52 72 22 60 82 67 8 
87 81 36 32 99 53 90 44 11 70 
57 29 55 28 41 98 46 53 77 6 
38 21 13 80 73 93 22 70 22 68 
99 19 34 74 93 91 66 54 15 81 
74 75 67 63 50 87 18 10 1 17 
52 29 74 81 37 21 64 10 23 67 
27 92 83 90 53 100 35 47 8 78 
14 71 65 58 88 88 77 74 90 88 
69 48 74 7 71 95 4 49 49 84 
51 97 58 68 55 44 51 13 93 21 
53 83 2 69 16 80 2 20 86 43 
75 32 42 18 62 14 6 91 49 27 
92 71 59 55 49 11 79 66 73 83 
92 49 35 32 51 40 60 16 13 14 
39 93 83 13 64 81 40 36 3 82 
14 51 58 70 99 83 74 61 67 91 
21 90 99 67 44 41 16 95 40 79 
34 92 25 21 5 31 20 22 97 63 
50 46 94 66 69 26 94 7 61 30 
44 11 21 80 63 51 6 14 47 46 
49 65 69 76 68 93 84 11 5 80 
28 53 31 65 37 79 83 19 13 25 
44 87 100 87 49 27 19 68 94 11 
95 54 81 30 73 7 35 62 54 60 
52 13 31 7 1 30 79 58 8 88 
51 51 29 38 20 90 63 23 84 84 
47 1 72 14 90 33 54 2 27 77 
18 30 47 26 91 29 69 85 88 72 
34 94 85 98 18 33 92 1 17 97 
69 26 100 90 42 59 32 11 9 39 
76 25 24 26 8 3 54 75 71 74 
39 45 63 21 59 74 93 59 81 87 
38 69 43 97 76 100 33 40 97 27 
86 99 78 30 24 31 31 95 52 77 
51 74 2 31 90 12 83 27 86 80 
93 73 78 63 53 14 48 14 45 66 
35 30 8 34 69 16 21 18 22 7 
52 67 84 39 100 85 88 36 72 81 
47 96 9 6 58 6 88 86 48 16 
90 43 33 16 52 32 52 39 65 90 
83 59 75 81 19 71 89 96 7 61 
40 88 58 91 50 22 77 67 76 7 
11 14 4 6 51 32 37 96 16 35 
27 100 93 26 28 94 36 57 69 94 
49 90 27 72 24 50 2 78 35 46 
40 58 63 37 7 44 42 80 92 60 
93 21 15 87 36 57 8 4 47 85 
93 11 90 100 58 64 1 95 7 57 
61 42 64 63 78 27 31 40 73 29 
100 87 63 80 33 67 21 91 14 97 
8 27 19 81 52 10 1 74 89 24 
27 87 1 44 9 54 97 18 44 35 
68 62 94 100 6 48 33 29 63 21 
87 31 62 87 72 91 29 98 31 60 
39 52 88 21 69 23 87 34 20 73 
98 15 68 41 73 20 89 17 87 72 
86 31 14 44 6 86 20 2 76 77 
32 51 48 87 100 51 5 12 89 